designs 77880
maxglue,totalglue (4, 22) count 360
   ((0, 1), (0, 1), (0, 1), (2, 3), (2, 3), (2, 3)) (('push', 3, 0, 0), ('pull', 4, 0, 1), ('push', 3, 1, 0), ('pull', 5, 1, 1), ('push', 4, 2, 0), ('pull', 5, 2, 1), ('push', 0, 3, 2), ('pull', 1, 3, 3), ('push', 0, 4, 2), ('pull', 2, 4, 3), ('push', 1, 5, 2), ('pull', 2, 5, 3)) bridge [4, 3, 4, 4, 3, 4] x [(-2, 0, 0, 0), (0, 2, 0, 2), (4, 4, 2, 2), (-1, 1, 1, 1), (1, 3, 1, 3), (3, 5, 3, 3)]
   ((0, 1), (0, 1), (0, 1), (2, 3), (2, 3), (2, 3)) (('push', 3, 0, 0), ('pull', 4, 0, 1), ('push', 3, 1, 0), ('pull', 5, 1, 1), ('push', 5, 2, 0), ('pull', 4, 2, 1), ('push', 1, 3, 2), ('pull', 0, 3, 3), ('push', 0, 4, 2), ('pull', 2, 4, 3), ('push', 1, 5, 2), ('pull', 2, 5, 3)) bridge [3, 4, 4, 4, 4, 3] x [(0, 2, 0, 2), (-2, 0, 0, 0), (4, 4, 2, 2), (-1, 1, 1, 1), (3, 5, 3, 3), (1, 3, 1, 3)]
   ((0, 1), (0, 1), (0, 1), (2, 3), (2, 3), (2, 3)) (('push', 3, 0, 0), ('pull', 4, 0, 1), ('push', 4, 1, 0), ('pull', 5, 1, 1), ('push', 3, 2, 0), ('pull', 5, 2, 1), ('push', 0, 3, 2), ('pull', 2, 3, 3), ('push', 0, 4, 2), ('pull', 1, 4, 3), ('push', 2, 5, 2), ('pull', 1, 5, 3)) bridge [4, 4, 3, 4, 3, 4] x [(-2, 0, 0, 0), (4, 4, 2, 2), (0, 2, 0, 2), (-1, 1, 1, 1), (1, 3, 1, 3), (3, 5, 3, 3)]
maxglue,totalglue (5, 20) count 720
   ((0, 1), (0, 1), (0, 1), (2, 3), (2, 3), (2, 3)) (('push', 3, 0, 0), ('pull', 3, 0, 1), ('push', 4, 1, 0), ('pull', 5, 1, 1), ('push', 4, 2, 0), ('pull', 5, 2, 1), ('push', 0, 3, 2), ('pull', 1, 3, 3), ('push', 0, 4, 2), ('pull', 1, 4, 3), ('push', 2, 5, 2), ('pull', 2, 5, 3)) bridge [5, 1, 4, 4, 1, 5] x [(-2, 0, 0, -2), (2, 2, 2, 2), (2, 4, 2, 2), (-1, 1, 1, 1), (1, 1, 1, 1), (3, 5, 5, 3)]
   ((0, 1), (0, 1), (0, 1), (2, 3), (2, 3), (2, 3)) (('push', 3, 0, 0), ('pull', 3, 0, 1), ('push', 4, 1, 0), ('pull', 5, 1, 1), ('push', 4, 2, 0), ('pull', 5, 2, 1), ('push', 0, 3, 2), ('pull', 2, 3, 3), ('push', 0, 4, 2), ('pull', 2, 4, 3), ('push', 1, 5, 2), ('pull', 1, 5, 3)) bridge [5, 4, 1, 4, 1, 5] x [(-2, 0, 0, -2), (2, 4, 2, 2), (2, 2, 2, 2), (-1, 1, 1, 1), (1, 1, 1, 1), (3, 5, 5, 3)]
   ((0, 1), (0, 1), (0, 1), (2, 3), (2, 3), (2, 3)) (('push', 3, 0, 0), ('pull', 3, 0, 1), ('push', 4, 1, 0), ('pull', 5, 1, 1), ('push', 4, 2, 0), ('pull', 5, 2, 1), ('push', 1, 3, 2), ('pull', 0, 3, 3), ('push', 2, 4, 2), ('pull', 2, 4, 3), ('push', 1, 5, 2), ('pull', 0, 5, 3)) bridge [5, 1, 4, 4, 5, 1] x [(0, 0, 0, -2), (-4, -4, -4, -4), (-6, -4, -4, -4), (-1, 1, -1, -1), (-5, -3, -3, -5), (-1, -1, -1, -1)]
maxglue,totalglue (5, 22) count 1440
   ((0, 1), (0, 1), (0, 1), (2, 3), (2, 3), (2, 3)) (('push', 3, 0, 0), ('pull', 3, 0, 1), ('push', 4, 1, 0), ('pull', 5, 1, 1), ('push', 4, 2, 0), ('pull', 5, 2, 1), ('push', 0, 3, 2), ('pull', 1, 3, 3), ('push', 0, 4, 2), ('pull', 2, 4, 3), ('push', 1, 5, 2), ('pull', 2, 5, 3)) bridge [5, 1, 4, 4, 3, 5] x [(-2, 0, 0, -2), (2, 2, 2, 2), (4, 4, 2, 2), (-1, 1, 1, 1), (1, 3, 1, 3), (3, 5, 5, 3)]
   ((0, 1), (0, 1), (0, 1), (2, 3), (2, 3), (2, 3)) (('push', 3, 0, 0), ('pull', 3, 0, 1), ('push', 4, 1, 0), ('pull', 5, 1, 1), ('push', 4, 2, 0), ('pull', 5, 2, 1), ('push', 0, 3, 2), ('pull', 2, 3, 3), ('push', 0, 4, 2), ('pull', 1, 4, 3), ('push', 2, 5, 2), ('pull', 1, 5, 3)) bridge [5, 4, 1, 4, 3, 5] x [(-2, 0, 0, -2), (4, 4, 2, 2), (2, 2, 2, 2), (-1, 1, 1, 1), (1, 3, 1, 3), (3, 5, 5, 3)]
   ((0, 1), (0, 1), (0, 1), (2, 3), (2, 3), (2, 3)) (('push', 3, 0, 0), ('pull', 3, 0, 1), ('push', 4, 1, 0), ('pull', 5, 1, 1), ('push', 4, 2, 0), ('pull', 5, 2, 1), ('push', 1, 3, 2), ('pull', 0, 3, 3), ('push', 2, 4, 2), ('pull', 1, 4, 3), ('push', 2, 5, 2), ('pull', 0, 5, 3)) bridge [5, 1, 4, 4, 5, 3] x [(0, 0, 0, -2), (-4, -4, -4, -4), (-6, -4, -4, -4), (-1, 1, -1, -1), (-5, -3, -3, -5), (-3, -1, -3, -1)]
maxglue,totalglue (5, 24) count 5040
   ((0, 1), (0, 1), (0, 1), (2, 3), (2, 3), (2, 3)) (('push', 3, 0, 0), ('pull', 3, 0, 1), ('push', 4, 1, 0), ('pull', 4, 1, 1), ('push', 5, 2, 0), ('pull', 5, 2, 1), ('push', 0, 3, 2), ('pull', 1, 3, 3), ('push', 0, 4, 2), ('pull', 2, 4, 3), ('push', 1, 5, 2), ('pull', 2, 5, 3)) bridge [4, 1, 4, 5, 5, 5] x [(-1, 0, 0, -1), (3, 3, 3, 3), (7, 7, 7, 6), (-1, 2, 2, 2), (2, 6, 2, 6), (6, 9, 6, 6)]
   ((0, 1), (0, 1), (0, 1), (2, 3), (2, 3), (2, 3)) (('push', 3, 0, 0), ('pull', 3, 0, 1), ('push', 4, 1, 0), ('pull', 4, 1, 1), ('push', 5, 2, 0), ('pull', 5, 2, 1), ('push', 0, 3, 2), ('pull', 2, 3, 3), ('push', 2, 4, 2), ('pull', 1, 4, 3), ('push', 0, 5, 2), ('pull', 1, 5, 3)) bridge [4, 4, 1, 5, 5, 5] x [(-1, 0, 0, -1), (7, 7, 7, 6), (3, 3, 3, 3), (-1, 2, 2, 2), (6, 9, 6, 6), (2, 6, 2, 6)]
   ((0, 1), (0, 1), (0, 1), (2, 3), (2, 3), (2, 3)) (('push', 3, 0, 0), ('pull', 3, 0, 1), ('push', 4, 1, 0), ('pull', 4, 1, 1), ('push', 5, 2, 0), ('pull', 5, 2, 1), ('push', 1, 3, 2), ('pull', 0, 3, 3), ('push', 2, 4, 2), ('pull', 0, 4, 3), ('push', 2, 5, 2), ('pull', 1, 5, 3)) bridge [4, 1, 5, 5, 5, 4] x [(0, 0, 0, -1), (-4, -4, -4, -4), (-8, -6, -6, -8), (-1, 2, -1, -1), (-5, -1, -5, -1), (-7, -5, -5, -5)]
maxglue,totalglue (5, 26) count 13680
   ((0, 1), (0, 1), (0, 1), (2, 3), (2, 3), (2, 3)) (('push', 3, 0, 0), ('pull', 3, 0, 1), ('push', 4, 1, 0), ('pull', 5, 1, 1), ('push', 4, 2, 0), ('pull', 5, 2, 1), ('push', 0, 3, 2), ('pull', 1, 3, 3), ('push', 1, 4, 2), ('pull', 2, 4, 3), ('push', 0, 5, 2), ('pull', 2, 5, 3)) bridge [5, 4, 4, 5, 4, 4] x [(-2, 0, 0, -2), (-2, 0, 0, 0), (2, 2, 0, 0), (-1, 1, 1, -1), (-1, 1, 1, 1), (1, 3, 1, 1)]
   ((0, 1), (0, 1), (0, 1), (2, 3), (2, 3), (2, 3)) (('push', 3, 0, 0), ('pull', 3, 0, 1), ('push', 4, 1, 0), ('pull', 5, 1, 1), ('push', 4, 2, 0), ('pull', 5, 2, 1), ('push', 0, 3, 2), ('pull', 1, 3, 3), ('push', 2, 4, 2), ('pull', 0, 4, 3), ('push', 2, 5, 2), ('pull', 1, 5, 3)) bridge [5, 4, 4, 4, 5, 4] x [(-2, 0, 0, -2), (2, 2, 0, 0), (-2, 0, 0, 0), (-1, 1, 1, 1), (-1, 1, 1, -1), (1, 3, 1, 1)]
   ((0, 1), (0, 1), (0, 1), (2, 3), (2, 3), (2, 3)) (('push', 3, 0, 0), ('pull', 3, 0, 1), ('push', 4, 1, 0), ('pull', 5, 1, 1), ('push', 4, 2, 0), ('pull', 5, 2, 1), ('push', 0, 3, 2), ('pull', 1, 3, 3), ('push', 2, 4, 2), ('pull', 1, 4, 3), ('push', 2, 5, 2), ('pull', 0, 5, 3)) bridge [5, 4, 4, 5, 4, 4] x [(-2, 0, 0, -2), (0, 0, -2, -2), (-4, -2, -2, -2), (-1, 1, 1, -1), (-3, -1, -1, -1), (-1, 1, -1, -1)]
