designs 77880
maxspan,maxpistons,total (2, 2, 8) count 6120
   ((0, 1), (0, 1), (0, 1), (2, 3), (2, 3), (2, 3)) (('push', 3, 0, 0), ('pull', 3, 0, 1), ('push', 4, 1, 0), ('pull', 5, 1, 1), ('push', 4, 2, 0), ('pull', 5, 2, 1), ('push', 0, 3, 2), ('pull', 1, 3, 3), ('push', 0, 4, 2), ('pull', 1, 4, 3), ('push', 2, 5, 2), ('pull', 2, 5, 3)) spans (2, 0, 2, 2, 0, 2) pistons [2, 2, 2, 2, 2, 2]
   ((0, 1), (0, 1), (0, 1), (2, 3), (2, 3), (2, 3)) (('push', 3, 0, 0), ('pull', 3, 0, 1), ('push', 4, 1, 0), ('pull', 5, 1, 1), ('push', 4, 2, 0), ('pull', 5, 2, 1), ('push', 0, 3, 2), ('pull', 1, 3, 3), ('push', 0, 4, 2), ('pull', 2, 4, 3), ('push', 1, 5, 2), ('pull', 2, 5, 3)) spans (2, 0, 2, 2, 0, 2) pistons [2, 2, 2, 2, 2, 2]
   ((0, 1), (0, 1), (0, 1), (2, 3), (2, 3), (2, 3)) (('push', 3, 0, 0), ('pull', 3, 0, 1), ('push', 4, 1, 0), ('pull', 5, 1, 1), ('push', 4, 2, 0), ('pull', 5, 2, 1), ('push', 0, 3, 2), ('pull', 1, 3, 3), ('push', 0, 4, 2), ('pull', 2, 4, 3), ('push', 2, 5, 2), ('pull', 1, 5, 3)) spans (2, 2, 0, 2, 0, 2) pistons [2, 2, 2, 2, 2, 2]
   ((0, 1), (0, 1), (0, 1), (2, 3), (2, 3), (2, 3)) (('push', 3, 0, 0), ('pull', 3, 0, 1), ('push', 4, 1, 0), ('pull', 5, 1, 1), ('push', 4, 2, 0), ('pull', 5, 2, 1), ('push', 0, 3, 2), ('pull', 2, 3, 3), ('push', 0, 4, 2), ('pull', 1, 4, 3), ('push', 1, 5, 2), ('pull', 2, 5, 3)) spans (2, 0, 2, 2, 0, 2) pistons [2, 2, 2, 2, 2, 2]
maxspan,maxpistons,total (2, 2, 12) count 71760
   ((0, 1), (0, 1), (0, 1), (2, 3), (2, 3), (2, 3)) (('push', 3, 0, 0), ('pull', 3, 0, 1), ('push', 4, 1, 0), ('pull', 4, 1, 1), ('push', 5, 2, 0), ('pull', 5, 2, 1), ('push', 0, 3, 2), ('pull', 1, 3, 3), ('push', 0, 4, 2), ('pull', 2, 4, 3), ('push', 1, 5, 2), ('pull', 2, 5, 3)) spans (2, 2, 2, 2, 2, 2) pistons [2, 2, 2, 2, 2, 2]
   ((0, 1), (0, 1), (0, 1), (2, 3), (2, 3), (2, 3)) (('push', 3, 0, 0), ('pull', 3, 0, 1), ('push', 4, 1, 0), ('pull', 4, 1, 1), ('push', 5, 2, 0), ('pull', 5, 2, 1), ('push', 0, 3, 2), ('pull', 1, 3, 3), ('push', 0, 4, 2), ('pull', 2, 4, 3), ('push', 2, 5, 2), ('pull', 1, 5, 3)) spans (2, 2, 2, 2, 2, 2) pistons [2, 2, 2, 2, 2, 2]
   ((0, 1), (0, 1), (0, 1), (2, 3), (2, 3), (2, 3)) (('push', 3, 0, 0), ('pull', 3, 0, 1), ('push', 4, 1, 0), ('pull', 4, 1, 1), ('push', 5, 2, 0), ('pull', 5, 2, 1), ('push', 0, 3, 2), ('pull', 1, 3, 3), ('push', 1, 4, 2), ('pull', 2, 4, 3), ('push', 0, 5, 2), ('pull', 2, 5, 3)) spans (2, 2, 2, 2, 2, 2) pistons [2, 2, 2, 2, 2, 2]
   ((0, 1), (0, 1), (0, 1), (2, 3), (2, 3), (2, 3)) (('push', 3, 0, 0), ('pull', 3, 0, 1), ('push', 4, 1, 0), ('pull', 4, 1, 1), ('push', 5, 2, 0), ('pull', 5, 2, 1), ('push', 0, 3, 2), ('pull', 1, 3, 3), ('push', 1, 4, 2), ('pull', 2, 4, 3), ('push', 2, 5, 2), ('pull', 0, 5, 3)) spans (2, 2, 2, 2, 2, 2) pistons [2, 2, 2, 2, 2, 2]
