designs 954
span 4 count 192
   ((0, 1), (0, 1), (0, 1), (2, 3)) (('push', 3, 0, 0), ('pull', 3, 0, 1), ('push', 3, 1, 0), ('pull', 3, 1, 1), ('push', 3, 2, 0), ('pull', 3, 2, 1), ('push', 0, 3, 2), ('pull', 0, 3, 3))
   ((0, 1), (0, 1), (0, 1), (2, 3)) (('push', 3, 0, 0), ('pull', 3, 0, 1), ('push', 3, 1, 0), ('pull', 3, 1, 1), ('push', 3, 2, 0), ('pull', 3, 2, 1), ('push', 0, 3, 2), ('pull', 1, 3, 3))
   ((0, 1), (0, 1), (0, 1), (2, 3)) (('push', 3, 0, 0), ('pull', 3, 0, 1), ('push', 3, 1, 0), ('pull', 3, 1, 1), ('push', 3, 2, 0), ('pull', 3, 2, 1), ('push', 0, 3, 2), ('pull', 2, 3, 3))
   ((0, 1), (0, 1), (0, 1), (2, 3)) (('push', 3, 0, 0), ('pull', 3, 0, 1), ('push', 3, 1, 0), ('pull', 3, 1, 1), ('push', 3, 2, 0), ('pull', 3, 2, 1), ('push', 1, 3, 2), ('pull', 0, 3, 3))
   ((0, 1), (0, 1), (0, 1), (2, 3)) (('push', 3, 0, 0), ('pull', 3, 0, 1), ('push', 3, 1, 0), ('pull', 3, 1, 1), ('push', 3, 2, 0), ('pull', 3, 2, 1), ('push', 1, 3, 2), ('pull', 1, 3, 3))
   ((0, 1), (0, 1), (0, 1), (2, 3)) (('push', 3, 0, 0), ('pull', 3, 0, 1), ('push', 3, 1, 0), ('pull', 3, 1, 1), ('push', 3, 2, 0), ('pull', 3, 2, 1), ('push', 1, 3, 2), ('pull', 2, 3, 3))
span 8 count 762
   ((0, 1), (0, 1), (2, 3), (2, 3)) (('push', 2, 0, 0), ('pull', 2, 0, 1), ('push', 2, 1, 0), ('pull', 2, 1, 1), ('push', 0, 2, 2), ('pull', 0, 2, 3), ('push', 0, 3, 2), ('pull', 0, 3, 3))
   ((0, 1), (0, 1), (2, 3), (2, 3)) (('push', 2, 0, 0), ('pull', 2, 0, 1), ('push', 2, 1, 0), ('pull', 2, 1, 1), ('push', 0, 2, 2), ('pull', 0, 2, 3), ('push', 0, 3, 2), ('pull', 1, 3, 3))
   ((0, 1), (0, 1), (2, 3), (2, 3)) (('push', 2, 0, 0), ('pull', 2, 0, 1), ('push', 2, 1, 0), ('pull', 2, 1, 1), ('push', 0, 2, 2), ('pull', 0, 2, 3), ('push', 1, 3, 2), ('pull', 0, 3, 3))
   ((0, 1), (0, 1), (2, 3), (2, 3)) (('push', 2, 0, 0), ('pull', 2, 0, 1), ('push', 2, 1, 0), ('pull', 2, 1, 1), ('push', 0, 2, 2), ('pull', 0, 2, 3), ('push', 1, 3, 2), ('pull', 1, 3, 3))
   ((0, 1), (0, 1), (2, 3), (2, 3)) (('push', 2, 0, 0), ('pull', 2, 0, 1), ('push', 2, 1, 0), ('pull', 2, 1, 1), ('push', 0, 2, 2), ('pull', 1, 2, 3), ('push', 0, 3, 2), ('pull', 0, 3, 3))
   ((0, 1), (0, 1), (2, 3), (2, 3)) (('push', 2, 0, 0), ('pull', 2, 0, 1), ('push', 2, 1, 0), ('pull', 2, 1, 1), ('push', 0, 2, 2), ('pull', 1, 2, 3), ('push', 0, 3, 2), ('pull', 1, 3, 3))
