designs 78304
span 4 count 2128
   ((0, 1), (0, 1), (0, 1), (0, 1), (2, 3)) (('push', 4, 0, 0), ('pull', 4, 0, 1), ('push', 4, 1, 0), ('pull', 4, 1, 1), ('push', 4, 2, 0), ('pull', 4, 2, 1), ('push', 4, 3, 0), ('pull', 4, 3, 1), ('push', 0, 4, 2), ('pull', 0, 4, 3))
   ((0, 1), (0, 1), (0, 1), (0, 1), (2, 3)) (('push', 4, 0, 0), ('pull', 4, 0, 1), ('push', 4, 1, 0), ('pull', 4, 1, 1), ('push', 4, 2, 0), ('pull', 4, 2, 1), ('push', 4, 3, 0), ('pull', 4, 3, 1), ('push', 0, 4, 2), ('pull', 1, 4, 3))
   ((0, 1), (0, 1), (0, 1), (0, 1), (2, 3)) (('push', 4, 0, 0), ('pull', 4, 0, 1), ('push', 4, 1, 0), ('pull', 4, 1, 1), ('push', 4, 2, 0), ('pull', 4, 2, 1), ('push', 4, 3, 0), ('pull', 4, 3, 1), ('push', 0, 4, 2), ('pull', 2, 4, 3))
   ((0, 1), (0, 1), (0, 1), (0, 1), (2, 3)) (('push', 4, 0, 0), ('pull', 4, 0, 1), ('push', 4, 1, 0), ('pull', 4, 1, 1), ('push', 4, 2, 0), ('pull', 4, 2, 1), ('push', 4, 3, 0), ('pull', 4, 3, 1), ('push', 0, 4, 2), ('pull', 3, 4, 3))
   ((0, 1), (0, 1), (0, 1), (0, 1), (2, 3)) (('push', 4, 0, 0), ('pull', 4, 0, 1), ('push', 4, 1, 0), ('pull', 4, 1, 1), ('push', 4, 2, 0), ('pull', 4, 2, 1), ('push', 4, 3, 0), ('pull', 4, 3, 1), ('push', 1, 4, 2), ('pull', 0, 4, 3))
   ((0, 1), (0, 1), (0, 1), (0, 1), (2, 3)) (('push', 4, 0, 0), ('pull', 4, 0, 1), ('push', 4, 1, 0), ('pull', 4, 1, 1), ('push', 4, 2, 0), ('pull', 4, 2, 1), ('push', 4, 3, 0), ('pull', 4, 3, 1), ('push', 1, 4, 2), ('pull', 1, 4, 3))
span 8 count 76176
   ((0, 1), (0, 1), (0, 1), (2, 3), (2, 3)) (('push', 3, 0, 0), ('pull', 3, 0, 1), ('push', 3, 1, 0), ('pull', 3, 1, 1), ('push', 3, 2, 0), ('pull', 3, 2, 1), ('push', 0, 3, 2), ('pull', 0, 3, 3), ('push', 0, 4, 2), ('pull', 0, 4, 3))
   ((0, 1), (0, 1), (0, 1), (2, 3), (2, 3)) (('push', 3, 0, 0), ('pull', 3, 0, 1), ('push', 3, 1, 0), ('pull', 3, 1, 1), ('push', 3, 2, 0), ('pull', 3, 2, 1), ('push', 0, 3, 2), ('pull', 0, 3, 3), ('push', 0, 4, 2), ('pull', 1, 4, 3))
   ((0, 1), (0, 1), (0, 1), (2, 3), (2, 3)) (('push', 3, 0, 0), ('pull', 3, 0, 1), ('push', 3, 1, 0), ('pull', 3, 1, 1), ('push', 3, 2, 0), ('pull', 3, 2, 1), ('push', 0, 3, 2), ('pull', 0, 3, 3), ('push', 0, 4, 2), ('pull', 2, 4, 3))
   ((0, 1), (0, 1), (0, 1), (2, 3), (2, 3)) (('push', 3, 0, 0), ('pull', 3, 0, 1), ('push', 3, 1, 0), ('pull', 3, 1, 1), ('push', 3, 2, 0), ('pull', 3, 2, 1), ('push', 0, 3, 2), ('pull', 0, 3, 3), ('push', 1, 4, 2), ('pull', 0, 4, 3))
   ((0, 1), (0, 1), (0, 1), (2, 3), (2, 3)) (('push', 3, 0, 0), ('pull', 3, 0, 1), ('push', 3, 1, 0), ('pull', 3, 1, 1), ('push', 3, 2, 0), ('pull', 3, 2, 1), ('push', 0, 3, 2), ('pull', 0, 3, 3), ('push', 1, 4, 2), ('pull', 1, 4, 3))
   ((0, 1), (0, 1), (0, 1), (2, 3), (2, 3)) (('push', 3, 0, 0), ('pull', 3, 0, 1), ('push', 3, 1, 0), ('pull', 3, 1, 1), ('push', 3, 2, 0), ('pull', 3, 2, 1), ('push', 0, 3, 2), ('pull', 0, 3, 3), ('push', 1, 4, 2), ('pull', 2, 4, 3))
