anti (-2, 4, 5)
anti (0, 5, 4)
anti (0, 6, 4)
anti (0, 6, 9)
flipz (-3, 1, 6)
flipz (1, -1, 6)
flipz (1, 0, 5)
flipz (1, 0, 7)
rot180 (-2, 4, 6)
rot270 (-1, -2, 7)
rot270 (-1, -3, 6)
rot270 (-1, 3, 6)
rot270 (-2, 0, 5)
rot270 (-2, 0, 7)
rot270 (-2, 1, 6)
rot270 (-3, -1, 5)
rot270 (-3, -1, 7)
rot270 (-3, 0, 4)
rot270 (-3, 0, 5)
rot270 (-3, 0, 7)
rot270 (-3, 0, 8)
rot270 (-3, 1, 5)
rot270 (0, -1, 6)
rot270 (1, -1, 6)
rot90 (-1, 7, 2)
rot90 (-2, 6, -1)
rot90 (-2, 6, 1)
rot90 (-2, 7, 0)
rot90 (0, 5, 0)
rot90 (0, 6, -1)
rot90 (0, 6, 1)
rot90 (0, 6, 2)
rot90 (0, 7, -1)
rot90 (0, 7, 0)
rot90 (0, 7, 1)
rot90 (1, 5, 0)
rot90 (1, 5, 1)
rot90 (1, 6, -1)
rot90 (1, 6, 2)
rot90 (1, 7, -1)
rot90 (1, 7, 1)
rot90 (1, 8, 0)
